100150
100151
100152
100153
100154
100155
100156
100157
100158
100159
100161
100170
100171
100190
100191
100192
100193
100194
100195
100196
100197
100198
100199
100200
100203
100204
100205
100224
100225
100226
100227
100228
100229
100230
100231
100232
100233
100234
100235
100236
100237
100238
100256
100258
100259
100260
100261
100265
100266
100267
100269
100270
100271
100272
100273
100295
100297
100298
100299
100300
100301
100302
100303
100304
100305
100306
100307
100308
100309
100310
100330
100331
100332
100333
100334
100335
100336
100337
100338
100339
100340
100341
100342
100343
100344
100345
100346
100362
100363
100364
100365
100366
100367
100368
100369
100370
100376
100377
100378
100379
100380
100381
100396
100400
100401
100402
100403
100404
100405
100406
100407
100408
100409
100410
100411
100412
100428
100429
100430
100431
100432
100433
100434
100435
100436
100437
100438
100439
100440
100461
100462
100463
100464
100465
100466
100467
100468
100469
100470
100471
100472
100473
100474
100493
100494
100495
100496
100497
100498
100499
100500
100501
100502
100503
100504
100505
100506
100529
100530
100531
100532
100533
100534
100535
100536
100537
100538
100539
100540
100542
100543
100558
100559
100560
100561
100562
100563
100564
100565
100566
100567
100568
100569
100570
100571
