100174
100175
100176
100177
100178
100179
100180
100181
100182
100183
100185
100186
100187
100188
100206
100207
100208
100209
100210
100211
100212
100213
100214
100215
100216
100217
100218
100219
100239
100240
100241
100242
100243
100244
100245
100246
100248
100249
100252
100253
100254
100255
100274
100275
100276
100277
100280
100281
100282
100283
100284
100285
100286
100311
100312
100313
100314
100315
100316
100319
100320
100321
100322
100323
100324
100325
100326
100327
100328
100329
100347
100348
100349
100350
100351
100352
100353
100354
100355
100356
100357
100358
100359
100360
100361
100382
100383
100384
100385
100386
100387
100388
100389
100390
100391
100392
100393
100394
100395
100413
100414
100415
100416
100417
100418
100419
100420
100421
100422
100424
100425
100426
100427
100443
100444
100445
100446
100447
100448
100449
100450
100452
100453
100454
100455
100456
100457
100458
100459
100460
100475
100476
100477
100480
100481
100482
100483
100484
100485
100486
100487
100488
100489
100490
100491
100507
100508
100509
100512
100513
100514
100515
100516
100517
100518
100519
100520
100521
100525
100526
100527
100528
100544
100545
100546
100547
100548
100550
100551
100552
100553
100554
100555
100556
100572
100573
100574
100575
100576
100577
100578
100579
100580
100581
100582
100583
100584
